0 2 411.42
0 1 428.4
0 2 437.1
0 2 454.2
0 3 462.9
0 1 480
0 3 488.7
0 0 505.5
0 3 513.9
0 1 540
0 1 565.5
0 2 591.24
0 3 600
0 2 608.52
0 1 617.1
0 0 634.14
0 2 642.9
0 2 660
0 0 668.7
0 2 685.5
0 2 694.2
0 0 711.3

0 1 719.7
1 1 724.7
1 1 729.7
1 1 735.7
1 1 745.56

0 2 745.56
1 2 750.56
1 2 755.56
1 2 760.56
1 2 765.56

0 1 771.24
1 1 776.24
1 1 781.24
1 1 786.24
1 1 791.24 
1 1 796.92

0 0 788.7
0 0 796.92
0 0 814.2
0 0 822.9
0 3 840
0 1 848.58
0 1 865.5
0 3 873.9
0 0 891.6
0 0 899.7
0 0 917.22

0 3 925.44
1 3 930.44
1 3 935.44
1 3 940.44
1 3 945.44
1 3 950.44
1 3 955.44
1 3 960.44
1 3 965.44
1 3 966.3

0 1 977.1
0 0 1002.78
0 1 1028.4
0 1 1045.5
0 0 1054.2
0 1 1071.3
0 3 1080
0 0 1097.1
0 0 1105.44
0 2 1122.6

0 1 1131.6
1 1 1136.6
1 1 1141.6
1 1 1146.6
1 1 1151.6
1 1 1156.6
1 1 1161.6
1 1 1166.6
1 1 1171.6
1 1 1176.6
1 1 1181.6
1 1 1186.6
1 1 1191.6
1 1 1196.6
1 1 1201.6
1 1 1208.58


0 0 1233.9
0 2 1251.3
0 2 1259.7
0 3 1277.1
0 0 1285.56
0 3 1302.6
0 3 1311
0 2 1328.4
0 1 1337.1
0 1 1362.6
0 1 1380
0 1 1389
0 3 1414.02
0 2 1439.7
0 0 1456.8
0 1 1465.5
0 1 1482.6
0 3 1491.3
0 0 1508.4
0 0 1517.1
0 0 1534.2
0 1 1542.9
0 0 1560
0 1 1577.1
0 1 1585.74
0 0 1594.5
0 1 1620
0 3 1636.5
0 0 1645.8
0 2 1662.9
0 0 1688.64
0 2 1697.1
0 3 1722.3
0 2 1740
0 3 1748.7
0 2 1825.8
0 2 1842.9
0 0 1851.3
0 0 1928.58
0 3 1954.2
0 3 1997.1
0 0 2022.6
0 2 2031.3
0 1 2048.4
0 2 2057.1
0 0 2074.2
0 0 2082.9
0 1 2100
0 3 2108.4
0 3 2125.5
0 3 2134.2
0 0 2151.3
0 2 2159.7
0 0 2176.92
0 3 2185.5
0 2 2202.6
0 3 2211
0 0 2236.8
0 1 2262.6
0 1 2280
0 2 2305.5
0 2 2313.9
0 1 2313.9
0 3 2339.7
0 0 2339.7

0 2 2365.5
0 1 2365.5

1 2 2370.5
1 1 2370.5

1 2 2375.5
1 1 2375.5

1 2 2380.5
1 1 2380.5

1 2 2385.5
1 1 2385.5

1 2 2390.5
1 1 2390.5

1 2 2395.5
1 1 2395.5

1 2 2400.5
1 1 2400.5

1 2 2405.5
1 1 2405.5

1 2 2410.5
1 1 2410.5

1 2 2415.5
1 1 2415.5

1 2 2420.5
1 1 2420.5

1 2 2425.5
1 1 2425.5

1 2 2430.5
1 1 2430.5

1 2 2435.5
1 1 2435.5

1 2 2436
1 1 2436

0 1 2460
0 1 2468.7
0 2 2493.9
0 2 2502.9
0 2 2511.42
0 0 2520
0 3 2537.1
0 2 2545.5
0 1 2562.6
0 0 2571.18
0 3 2614.2
0 2 2622.9
0 1 2640
0 2 2648.4
0 0 2673.9
0 0 2691.36
0 0 2699.7
0 1 2725.5
0 1 2742.9
0 3 2751.3
0 2 2768.4

0 2 2777.1
1 2 2782.1
1 2 2787.1
1 2 2792.1
1 2 2797.1
1 2 2797.1
1 2 2802.4




