0 0 206
0 1 206
0 0 237
0 1 262
0 2 284
0 3 303
0 0 310
0 0 327
0 0 347
0 1 363
0 2 371
0 3 390
0 3 409
0 3 426
0 3 441
0 2 450
0 1 469
0 0 484
0 0 500
0 1 509
0 2 527
0 0 544
0 1 561
0 0 576
0 2 585
0 3 603
0 1 622
0 0 638
0 2 647
0 3 665
0 0 680
0 0 699
0 0 715
0 1 724
0 2 740
0 1 758
0 2 782
0 3 822
0 2 851
0 3 891
0 0 919
0 0 958
0 0 988
0 1 1027
0 2 1056
0 3 1064
0 2 1090
0 1 1099
0 2 1126
0 1 1134
0 0 1165
0 0 1187
0 2 1204
0 2 1221
0 3 1236
0 1 1255
0 0 1272
0 0 1288
0 0 1308
0 0 1325
0 0 1341
0 1 1359
0 2 1376
0 3 1392
0 3 1408
0 2 1423
0 1 1432
0 2 1441
0 1 1458
0 2 1476
0 3 1494
0 2 1511
0 1 1530
1 1 1546
1 1 1554
1 1 1563
1 2 1546
1 2 1554
1 2 1563
0 0 1581
0 2 1599
0 3 1616
0 2 1633
0 1 1651
0 1 1668
0 2 1684
0 1 1699
0 0 1708
0 0 1716
0 1 1736
0 3 1755
0 2 1771
0 0 1787
0 2 1804
0 2 1819
0 3 1835
0 1 1853
0 2 1872
0 1 1889
0 1 1897
0 0 1915
0 1 1926
0 2 1934
0 1 1945
0 2 1954
0 3 1963
0 2 1972
0 3 1981
0 2 1989
0 1 2011
0 0 2027
0 0 2036
0 2 2056
0 1 2065
0 3 2074
0 0 2083
0 2 2093
0 3 2103
1 1 2113
1 1 2116
1 1 2120
1 2 2113
1 2 2116
1 2 2120
0 0 2137
0 2 2152
0 3 2169
0 2 2178
0 3 2196
0 1 2205
0 0 2214
0 1 2224
0 0 2233
0 2 2241
0 1 2251
0 3 2261
0 1 2267
0 0 2284
0 1 2302
0 2 2311
0 3 2331
0 2 2340
0 1 2349
0 0 2358
0 1 2367
0 2 2377
0 3 2387
0 3 2395
0 0 2405
0 0 2423
0 1 2432
0 2 2451
0 3 2468
0 0 2484
0 2 2499
0 1 2507
0 3 2525
0 0 2542
0 2 2558
0 3 2567
0 2 2587
0 1 2606
0 0 2620
0 2 2638
0 3 2648
0 1 2662
0 2 2679
0 3 2694
0 0 2704
0 1 2723
0 1 2740
0 2 2757
0 3 2774
0 2 2782
0 1 2799
0 2 2818
0 2 2835
0 3 2844
0 2 2861
0 1 2879
0 0 2896
0 0 2911
0 3 2920
0 2 2937
0 1 2953
0 1 2970
0 0 2979
0 2 2999
0 3 3015
0 3 3032
0 0 3050
0 0 3057
0 0 3076
0 0 3093
0 2 3109
0 1 3118
0 2 3134
0 3 3152
0 0 3168
0 3 3185
0 2 3194
0 3 3211
0 1 3231
0 3 3248
0 2 3256
0 1 3272
0 1 3288
0 0 3306
0 2 3323
0 2 3330
0 0 3346
0 2 3365
0 1 3382
0 3 3391
0 0 3409
0 2 3426
0 1 3443
0 3 3461
0 0 3470
0 2 3480
0 1 3492
0 3 3501
0 0 3648
0 0 3671
0 1 3690
0 2 3698
0 3 3717
0 2 3734
0 1 3751
0 1 3759
0 0 3769
0 2 3777
0 0 3796
0 3 3814
0 1 3831
0 1 3838
0 0 3854
0 3 3872
0 2 3881
0 1 3890
0 2 3900
0 3 3910
0 1 3918
0 0 3934
0 0 3951
0 3 3966
0 2 3973
0 1 3992
0 0 4008
0 2 4026
0 3 4035
0 1 4045
0 0 4052
0 0 4070
0 1 4085
0 3 4103
0 2 4111
0 0 4129
0 3 4147
0 2 4155
0 1 4163
0 0 4173
0 3 4185
0 0 4204
0 1 4221
0 2 4239
0 3 4248
0 2 4266
0 3 4284
0 2 4301
0 3 4309
0 2 4319
0 1 4327
0 0 4345
0 2 4362
0 2 4377
0 1 4384
0 3 4403
0 0 4420
0 1 4430
0 2 4439
0 1 4449
0 2 4459
0 3 4467
0 2 4484
0 0 4501
0 0 4516
0 1 4524
0 1 4544
0 3 4559
0 2 4577
0 3 4586
0 3 4595
0 0 4603
0 1 4621
0 3 4637
0 2 4655
0 0 4662
0 2 4680
0 2 4696
0 2 4705
0 1 4715
0 0 4723
0 3 4736
0 3 4763
0 2 4785
0 2 4805
0 3 4830
0 2 4858
0 0 4874
0 3 4901
0 2 4926
0 1 4943
0 1 4970
0 0 4991
0 0 5011
0 2 5038
0 3 5077
0 2 5112
0 3 5147
0 0 5165
0 1 5184
0 2 5201
0 0 5220
0 1 5237
0 2 5253
0 0 5271
0 1 5287
0 2 5296
0 0 5304
0 3 5321
0 2 5338
0 1 5347
0 3 5364
0 2 5381
0 3 5398
0 2 5406
0 1 5416
0 2 5424
0 1 5441
0 0 5458
0 2 5475
0 0 5475
0 3 5483
0 2 5501
0 1 5501
0 3 5520
0 2 5529
0 0 5529
0 3 5538
0 2 5547
0 1 5547
0 3 5557
0 2 5564
0 3 5564
0 1 5578
0 1 5595
0 2 5611
0 1 5620
0 3 5637
0 1 5654
0 2 5672
0 1 5681
0 3 5681
0 0 5690
0 1 5698
0 3 5698
0 0 5716
0 1 5734
0 1 5751
0 0 5760
0 2 5777
0 1 5791
0 0 5801
0 2 5801
0 1 5809
0 0 5818
0 2 5818
0 1 5828
0 0 5838
0 0 5852
0 2 5869
0 2 5886
0 1 5895
0 1 5912
0 3 5929
0 3 5947
0 2 5957
0 1 5965
0 0 5974
0 1 5991
0 0 6007
0 3 6023
0 2 6039
0 3 6053
0 0 6071
0 1 6080
0 2 6090
0 0 6090
0 3 6097
0 2 6107
0 1 6107
0 3 6114
0 0 6130
0 1 6144
0 3 6160
0 2 6169
0 1 6187
0 2 6203
0 3 6221
0 2 6229
0 1 6237
0 1 6246
0 0 6264
0 1 6273
0 3 6273
0 2 6282
0 0 6299
0 3 6299
0 2 6315
0 1 6330
0 2 6345
0 0 6354
0 1 6363
0 2 6371
0 3 6384
0 3 6410
0 2 6410
0 2 6448
0 1 6448
0 1 6478
0 0 6478
0 1 6524
0 2 6524
0 2 6554
0 3 6554
0 0 6588
0 3 6588
0 2 6619
0 1 6619
0 3 6658
0 1 6658
0 2 6692
0 1 6692
0 2 6727
0 1 6727
0 0 6762
0 1 6795
0 2 6813
0 3 6829
0 2 6846
0 1 6864
0 0 6878
0 0 6895
0 2 6903
0 1 6912
0 3 6920
0 1 6930
0 2 6938
0 0 6947
0 1 6955
0 2 6970
0 3 6986
0 2 6994
0 1 7011
0 0 7027
0 1 7045
0 0 7045
0 2 7053
0 1 7062
0 3 7062
0 2 7069
0 1 7086
0 0 7086
0 2 7103
0 1 7119
0 3 7119
0 2 7128
0 0 7144
0 2 7163
0 1 7173
0 0 7173
0 2 7182
0 1 7191
0 3 7191
0 2 7200
0 1 7209
0 0 7209
0 2 7218
0 1 7225
0 3 7225
0 2 7240
0 3 7260
0 2 7267
0 1 7285
0 1 7301
0 0 7320
0 2 7340
0 2 7359
0 1 7367
0 2 7376
0 2 7392
0 3 7410
0 1 7426
0 0 7441
0 0 7451
0 3 7451
0 1 7458
0 2 7468
0 3 7477
0 0 7477
0 1 7495
0 0 7509
0 2 7528
0 3 7544
0 2 7561
0 3 7576
0 2 7584
0 0 7603
0 3 7620
0 2 7637
0 2 7645
0 0 7665
0 1 7681
0 0 7699
0 3 7713
0 2 7721
0 2 7741
0 3 7758
0 1 7774
0 2 7783
0 2 7801
0 0 7818
0 1 7818
0 3 7835
0 2 7835
0 2 7849
0 1 7849
0 2 7857
0 3 7876
0 1 7895
0 1 7912
0 2 7921
0 2 7940
0 3 7957
0 1 7973
0 1 7990
0 0 7998
0 1 8007
0 2 8016
0 3 8024
0 1 8035
0 2 8035