0 1 72
0 0 81
0 1 90
0 2 99
0 3 108
0 3 117
0 2 126
0 3 135
0 0 144
0 1 153
0 1 162
0 3 171
0 0 180
0 3 198
0 1 216
0 1 225
0 3 234
0 0 243
0 0 252
0 3 261
0 0 270
0 2 279
0 0 288
0 3 297
0 3 306
0 2 315
0 1 324
0 0 330
0 1 342
0 1 360
1 0 360
1 0 369
0 3 378
0 0 396
0 3 405
0 1 423
0 2 504
0 3 513
0 2 522
0 3 540
0 1 549
0 2 567
0 2 648
1 0 657
1 0 666
1 0 684
1 0 693
0 3 711
0 3 792
0 3 801
0 1 810
0 1 828
0 2 837
0 3 854.94
0 3 864
0 1 936
0 3 963
0 2 990
0 2 1017
0 1 1044
0 0 1062
0 0 1080
0 0 1107
0 1 1134
0 3 1161
0 1 1188
0 1 1206
0 0 1224
0 3 1251
0 0 1278
0 3 1305
0 1 1332
0 2 1350
0 0 1368
0 1 1395
0 0 1413
0 0 1431
0 0 1440
0 3 1449
0 0 1467
0 1 1476
0 2 1494
0 1 1512
0 3 1539
0 1 1566
0 1 1593
0 3 1620
0 0 1638
0 3 1656
0 1 1683
0 1 1710
0 1 1737
0 3 1764
0 3 1782
0 2 1800
0 2 1827
0 1 1854
0 1 1881
0 3 1908
0 0 1926
0 3 1944
0 1 1971
0 1 1989
0 0 2007
0 2 2016
0 1 2025
0 2 2043
0 2 2052
0 0 2070
0 3 2088
0 0 2088
0 2 2097
0 0 2106
0 2 2115
1 2 2124
1 2 2133
0 3 2142
0 0 2151
0 0 2160
0 2 2160
0 1 2187
0 1 2196
0 1 2196
0 3 2214
0 3 2223
0 1 2232
0 0 2232
0 1 2241
0 0 2250
0 1 2259
0 0 2259
0 0 2268
0 1 2277
0 0 2286
0 3 2295
0 1 2304
0 1 2313
0 3 2322
0 1 2331
0 2 2340
0 1 2349
0 1 2358
0 0 2367
0 2 2376
0 0 2385
0 1 2394
0 2 2403
0 2 2412
0 3 2421
0 1 2430
0 2 2439
0 1 2448
0 3 2457
0 0 2466
1 0 2475
1 0 2484
0 3 2493
0 1 2502
0 0 2520
0 1 2529
0 0 2547
0 2 2556
0 1 2565
0 0 2583
0 1 2592
0 0 2601
0 3 2619
0 0 2628
0 2 2646
0 0 2655
0 1 2664
0 0 2673
0 2 2682
0 3 2691
0 2 2700
0 3 2706
0 2 2718
0 0 2727
0 2 2730
0 3 2733
0 1 2736
0 2 2745
0 1 2754
0 1 2772
0 0 2781
0 1 2790
0 0 2799
0 3 2808
0 3 2817
0 1 2826
0 3 2835
0 0 2838
0 1 2841
0 2 2844
0 2 2853
0 2 2862
0 0 2871
0 0 2880
0 3 2889
0 0 2898
0 2 2916
0 3 2925
0 3 2934
0 3 2943
0 3 2952
0 3 2961
0 0 2970
0 2 2979
0 1 2997
0 0 3006
0 2 3024
0 2 3033
0 2 3051
0 0 3060
0 1 3078
0 3 3087
0 1 3096
0 3 3105
0 3 3123
0 1 3141
0 0 3150
0 0 3159
0 1 3168
0 3 3177
0 0 3195
0 3 3204
0 3 3222
0 0 3240
0 1 3258
0 2 3276
0 0 3285
0 2 3294
0 3 3303
0 0 3312
0 3 3316.5
0 2 3321
0 0 3330
0 1 3334.2
0 2 3334.5
0 3 3339
0 2 3343.5
0 1 3348
0 2 3361.5
0 3 3375
0 1 3384
0 0 3388.5
0 1 3393
0 2 3397.5
0 1 3402
0 0 3411
0 3 3420
0 2 3424.5
0 1 3429
0 2 3433.5
0 2 3438
0 1 3442.5
0 3 3447
0 3 3451.5
0 0 3456
0 2 3465
1 1 3474
1 1 3478.5
1 1 3483
0 3 3492
0 0 3501
0 2 3510
0 1 3514.5
0 2 3519
0 3 3528
0 2 3532.5
0 1 3537
0 0 3541.5
0 3 3546
0 3 3555
0 0 3564
0 1 3568.5
0 2 3573
0 0 3582
0 2 3586.5
0 0 3591
0 1 3595.5
0 2 3600
0 1 3609
0 1 3622.2
0 2 3636
0 3 3649.5
0 2 3663
0 3 3690
0 1 3699
0 0 3708
0 0 3712.5
0 1 3717
0 2 3721.5
0 0 3726
0 1 3730.5
0 2 3735
0 3 3739.5
0 2 3744
0 1 3753
0 0 3762
0 1 3766.5
0 2 3771
0 2 3780
0 3 3789
0 2 3798
0 3 3802.5
0 1 3807
0 3 3816
0 2 3825
0 1 3834
0 0 3843
0 2 3852
0 3 3861
0 0 3870
0 0 3879
0 3 3888
0 2 3897
0 1 3906
0 0 3915
0 1 3924
0 2 3933
0 3 3942
0 2 3951
0 1 3960
0 0 3969
0 2 3987
0 1 3996
0 0 4005
0 1 4014
0 2 4023
0 1 4032
0 0 4041
0 1 4050
0 2 4059
0 1 4068
0 0 4077
0 1 4086
0 2 4095
0 1 4104
0 0 4113
0 1 4122
0 2 4131
0 1 4140
0 0 4149
0 1 4158
0 2 4167
0 3 4176
0 2 4185
0 1 4194
0 2 4203
0 3 4212
0 2 4221
0 1 4230
0 2 4239
0 3 4248
0 2 4257
0 1 4266
0 2 4275
0 3 4284
0 2 4293
0 1 4302
0 2 4311
0 3 4320
0 2 4329
0 3 4338
0 2 4347
0 2 4356
0 3 4365
0 0 4374
0 2 4383
0 3 4392
0 2 4401
0 0 4410
0 0 4419
0 2 4428
0 0 4437
0 1 4440
0 0 4443
0 1 4446
0 2 4455
0 3 4464
0 0 4473
0 0 4482
0 1 4486.5
0 3 4491
0 2 4495.5
0 0 4500
0 1 4504.5
0 3 4509
0 2 4513.5
0 1 4518
0 0 4522.5
0 2 4527
0 3 4531.5
0 1 4536
0 0 4540.5
0 2 4545
0 3 4549.5
0 2 4554
0 1 4558.5
0 0 4563
0 1 4566
0 2 4569
0 3 4572
0 2 4581
0 0 4590
0 3 4599
0 2 4603.5
0 1 4608
0 0 4611
0 2 4614
0 3 4617
0 2 4620
0 3 4623
0 2 4626
0 1 4630.5
0 0 4635
0 1 4639.5
0 2 4644
0 2 4653
0 3 4657.5
0 2 4662
0 1 4666.5
0 0 4671
0 3 4680
0 2 4689
0 1 4698
0 0 4707
0 3 4716
0 2 4725
0 1 4728
0 0 4731
0 3 4734
0 2 4743
0 1 4752
0 0 4761
0 3 4770
0 2 4774.5
0 0 4779
0 1 4783.5
0 3 4788
0 2 4792.5
0 0 4797
0 1 4801.5
0 0 4806
0 1 4815
0 2 4819.5
0 3 4824
1 3 4828.5
1 3 4833
1 3 4837.5
0 2 4842
0 1 4846.5
0 0 4851
0 1 4854
0 2 4857
0 3 4860
1 3 4864.5
0 2 4869
0 1 4872
0 0 4875
0 2 4878
1 2 4882.5
1 2 4887
1 1 4891.5
1 1 4896
1 3 4900.5
1 3 4905
1 0 4909.5
1 0 4914
0 2 4918.5
0 3 4923
0 2 4927.5
0 3 4932
0 2 4938
0 1 4944
0 0 4950
0 1 4956
0 2 4962
0 3 4968
0 0 5040
0 1 5112
0 3 5184
0 2 5220
0 1 5256
0 0 5328
0 1 5400
0 2 5472
0 0 5472
0 3 5544
0 2 5553
0 0 5553
0 1 5562
0 1 5580
0 2 5589
0 0 5589
0 3 5607
0 2 5616
0 0 5616
0 1 5625
0 0 5634
0 3 5643
0 2 5652
0 1 5661
0 0 5670
0 3 5679
0 2 5688
0 1 5697
0 0 5706
0 3 5724
0 2 5733
0 1 5751
0 2 5760
0 3 5769
0 0 5778
0 1 5787
0 2 5796
0 3 5805
0 0 5808
0 1 5811
0 2 5814
0 3 5814
0 1 5823
0 2 5832
0 1 5841
0 2 5850
0 0 5850
0 1 5868
0 2 5877
0 1 5895
0 3 5904
0 2 5913
0 2 5940
0 1 5949
0 3 5958
0 2 5967
0 1 5976
0 2 5985
0 1 5994
0 0 6003
0 1 6012
0 2 6021
0 3 6030
0 0 6039
0 1 6048
0 2 6057
0 3 6066
0 1 6075
0 2 6075
0 2 6084
0 3 6084
0 1 6106.5
0 0 6106.5
0 3 6111
0 2 6115.5
0 1 6120
0 3 6138
0 1 6156
0 2 6165
0 2 6183
0 1 6183
1 1 6192
1 1 6201
1 1 6210
0 0 6219
0 0 6228
0 3 6246
0 3 6264
0 2 6279.78
0 1 6282
0 0 6300
0 0 6309
0 1 6318
0 2 6327
0 3 6336
0 2 6349.5
0 1 6363
0 0 6372
0 1 6374.94
0 2 6377.88
0 3 6381
0 2 6390
0 2 6408
0 1 6417
0 2 6421.5
0 3 6426
0 1 6435
0 2 6444
0 3 6453
0 1 6462
0 2 6466.5
0 1 6471
0 2 6475.5
0 1 6480
0 2 6484.5
0 1 6489
0 2 6493.5
0 1 6498
0 2 6502.5
0 1 6507
0 2 6516
0 1 6516
0 3 6525
0 0 6529.5
0 3 6534
0 0 6538.5
0 3 6543
0 0 6547.5
0 3 6552
0 0 6556.5
0 1 6570
0 2 6574.5
0 3 6579
0 2 6583.5
0 1 6588
1 1 6592.5
1 1 6597
1 1 6601.5
1 1 6606
1 1 6610.5
0 2 6615
0 3 6619.5
0 2 6624
0 1 6628.5
0 0 6633
0 3 6637.5
0 2 6642
0 3 6646.5
0 2 6651
0 1 6655.5
0 0 6660
0 1 6662.82
0 2 6665.88
0 3 6669
0 2 6671.82
0 1 6674.88
0 0 6678
0 1 6680.82
0 2 6683.88
0 3 6687
0 2 6689.82
0 1 6692.88
0 0 6696
0 0 6714
0 3 6732
0 0 6741
0 3 6759
0 1 6768
0 1 6777
0 3 6786
0 2 6795
0 3 6804
0 3 6813
0 3 6822
0 1 6831
0 3 6840
0 0 6849
0 2 6858
0 1 6876
0 0 6885
0 0 6903
0 1 6912
0 1 6921
0 2 6930
0 1 6939
0 0 6948
0 2 6957
0 1 6960
0 3 6963
0 0 6966
0 3 6975
0 3 6984
0 1 6993
0 3 7002
0 3 7020
0 2 7029
0 0 7047
0 1 7056
0 0 7065
0 1 7074
0 2 7083
0 1 7092
0 0 7101
0 1 7110
0 0 7119
0 0 7128
0 2 7137
0 3 7146
0 0 7155
0 3 7164
0 3 7173
0 0 7182
0 2 7191
0 3 7200
0 1 7209
0 3 7218
0 3 7227
0 0 7236
0 3 7258.5
0 3 7263
0 2 7267.5
0 3 7272
0 3 7290
0 0 7299
0 3 7308
0 1 7317
0 1 7326
0 3 7335
0 1 7344
0 2 7353
0 0 7356
0 1 7359
0 0 7362
0 2 7371
0 2 7380
0 3 7389
0 3 7407
0 2 7416
0 3 7443
0 0 7452
0 3 7452
0 3 7461
0 2 7470
0 3 7479
0 0 7488
0 0 7497
0 3 7515
0 0 7524
0 3 7542
0 1 7551
0 0 7560
0 0 7569
0 0 7578
0 2 7587
0 3 7596
0 3 7614
0 1 7623
0 0 7632
0 0 7641
0 2 7650
0 3 7677
0 2 7686
0 0 7704
0 1 7713
0 3 7722
0 2 7731
0 2 7740
0 3 7749
0 0 7758
0 1 7767
0 2 7776
0 1 7776